18863046225568582542016021945328306014125955818525918809
495589230105440570534631735873449414345659661763831187800740923395817893020463093092080
71246532532598481265284052502890771335080536226325802
76129
319988312355819016195751
35524595427799889374353516405261228592886551517620906901068265439277340972950620209752550961
79877079747669645517467256030346881656629985573921161474089055968
7700248269015794171300317585437409924664855006871672248457786392844
131387459616677705536301247347588511166029779399803057
04372782600761873198133783304545260697617049106459568761
962532213158980071039942907024
612987407332446
5857635503558535286970175979915880240673678238418198631730527532912798022
7082489584633215453299507324427659201636977100231530869872528914952109030194872187164872
563972636762972093743349728615140241570052050020386756
123135578044590832
2202982963936568659793586415893324738319
4513455230412744297740995250239571281328283434937300418203711748714868370222427321282774455075
055089148727820658563559870699494110170936239864147284921970996271264189744466322
418100290103046787652752600145100443
942287869148832684726763918089675019315367239034697664
887019377566605937733620831831675234543726155083180867408431718746462
92448053271159509056073449409013858747670584759466026469081698838642464340
07746253881984969970322991333914
51301978
93182522891922666945847066867828087577792059690319894435598420253511980359879219
490284114126374751773395491848896606631096728658697284
3798161466125326407691216171283428843408205446352100154848150107906675458049991839354009978
90514999355300850562409405000030150988349842922124377507582885013678683842312262046625053
3871531147631099021787319512606629786646739111770697970
590859871877237
547957703461547503349997878569221302677437300
03251940024984259684168630449896000
99
741926266170300338854216685404144081615409371380931323689008089948686952028632489440896305712032587
3733294156856270387344243832679376269294804748495767399103938498044755782
67868080
309648253207413049982610353163084313521
298274622231044
182473492593601847484282351885125051582834849948230097009502021946478697496223963370431132982381
348907637214535
5800975399215526240849525112563125260674762447636759909861672704972687705859101411
373495729395
66
2534714646768475384670347821191998248993203242879251164232323993751117855041006495633193795
3329651961141386654328320362866
739661624686782328244240638907814432005586835856841779229842
36068599758
62510273321988448029753591253286472488
8833151537709006613901894009839957671493364401657141874045188815
960953943358034113404197668067444385815297
34920469152985880225105356704362515764022120162
31875905457040
479238869055582227884901875002953490849406492511051527596526451453888223579383606
5978043019575723991700560277455383105494963226455513674028452626405335301645888
66967771948992964472575283008625431318892945175357230762449494070058910817515940
24078159285834281163575379098634546
97363876464183110537639459650673171179547844091815478768420635
94377349130
0597109401974697435900417174197086914249205910147053319221687771203372066892

031
543062593104491624930
265205947162744924463701102961297616904080030050625796392079562903762091831420
0341893593253968880975956757300850102490276681926456145750029455734373944
207813063682792158038069151
731601377539675422471543806944568606007384327122103164273221509371150374554632348136970210326
677168985120194671294332824878914309878171724317377452039920661554282726831874068546744204924819
525075110587669538587254996612
35386190610528285179807695687649628465575717862752484907994534958536242085236998819341534243064
43166846873711497218216847740645895742653472389485973013634845412475079
161107951756572385376717277841161397
99344232055482747788383489266652414691952248462136079105
05002148894109927818821871449081497764004955632382976679753649
2478654180022782823661204860040225517327372052890295466719403394556833294
66161923396786953907632847867900934933351855658845427797453969859270884432594
929188440938163054573044357817491495514791941396639613939764143291075147329321
49034694579247955207073604097673616135695678
2811508540367789836834977652994316
733209971442828058415033295562109997154686649094372379527361358631100334047743456948028
90708
68644930711386562455146308141130506305135898225001035
371452591761978853876019800118418754563871934754
48792608658583753040459633178573559247606
70876471755727233015101113591837894634031643939378009476155505342052584963780196334245601825373
8182052725939237522824397594002285327847922225385731655350738928741000622237128274
1882873827091310
54595908076408484653476180849837474458604770
583429946645590794858721629566
9179207353839375870929
4176564257129422712520999368682807951489463139455076123705
47917718949600057218528322711876092140931033147811595972855275143647234012334037460005045276
0449474458703088894580908788979202754153949394157313718225530006012850705891240721531849390
6412803118523
375892714
785679746818268704630390989535807550814878043619117833857004137816106098106
054885283704662659891511174345246387711484502465422626931443190
3244457712181986800095657018770205262948549305940037507861752714246
0
